1, -25
2, -27
3, -24
4, -23
5, -22
6, -22
7, -22
8, -22
9, -22
10, -22
11, -22
12, -19
13, -19
14, -19
15, -19
16, -19
17, -19
18, -19
19, -19
20, -19
21, -15
22, -15
23, -15
24, -15
25, -15
26, -15
27, -15
28, -15
29, -14
30, -14
31, -14
32, -14
33, -14
34, -14
35, -14
36, -14
37, -14
38, -14
39, -14
40, -14
41, -14
42, -14
43, -14
44, -14
45, -12
46, -12
47, -12
48, -12
49, -12
50, -12
51, -12
52, -12
53, -12
54, -12
55, -12
56, -12
57, -12
58, -12
59, -12
60, -12
61, -12
62, -12
63, -12
64, -12
65, -12
66, -12
67, -12
68, -12
69, -12
70, -12
71, -12
72, -12
73, -12
74, -12
75, -12
76, -12
77, -12
78, -12
79, -12
80, -12
81, -12
82, -12
83, -12
84, -12
85, -12
86, -12
87, -12
88, -12
89, -12
90, -12
91, -12
92, -12
93, -12
94, -12
95, -12
96, -12
97, -12
98, -12
99, -12
100, -9
101, -9
102, -9
103, -9
104, -9
105, -9
106, -9
107, -9
108, -9
109, -9
110, -9
111, -9
112, -9
113, -9
114, -9
115, -9
116, -9
117, -9
118, -9
119, -9
120, -8
121, -8
122, -8
123, -8
124, -8
125, -6
126, -6
127, -5
128, -5
129, -5
130, -5
131, -5
132, -5
133, -5
134, -5
135, -5
136, -5
137, -5
138, -5
139, -5
140, -5
141, -5
142, -5
143, -5
144, -5
145, -5
146, -5
147, -5
148, -5
149, -5
150, -5
151, -5
152, -5
153, -5
154, -3
155, -3
156, -3
157, -3
158, -3
159, -3
160, -3
161, -3
162, -3
163, -3
164, -3
165, -3
166, -3
167, -3
168, -3
169, -3
170, -3
171, -3
172, -3
173, -3
174, -3
175, -3
176, -3
177, -3
178, -3
179, -3
180, -3
181, -3
182, -3
183, -3
184, -3
185, -3
186, -3
187, -3
188, -3
189, -3
190, -3
191, -3
192, -3
193, -3
194, -3
195, -3
196, -3
197, -3
198, -3
199, -3
200, -3
201, -3
202, -3
203, -3
204, -3
205, -3
206, -3
207, -3
208, -3
209, -3
210, -3
211, -3
212, -3
213, -3
214, -3
215, -3
216, -3
217, -3
218, -3
219, -3
220, -3
221, -3
222, -3
223, -3
224, -3
225, -3
226, -3
227, -3
228, -3
229, -3
230, -3
231, -3
232, -3
233, -3
234, -3
235, -3
236, -3
237, -3
238, -3
239, -3
240, -3
241, -3
242, -3
243, -3
244, -3
245, -3
246, -3
247, -3
248, -3
249, -3
250, -3
251, -3
252, -3
253, -3
254, -3
255, -3
256, -3
257, -3
258, -3
259, -3
260, -3
261, -3
262, -3
263, -3
264, -3
265, -3
266, -3
267, -3
268, -3
269, -3
270, -3
271, -3
272, -3
273, -3
274, -3
275, -3
276, -3
277, -3
278, -3
279, -3
280, -3
281, -3
282, -3
283, -3
284, -3
285, -3
286, -3
287, -3
288, -3
289, -3
290, -3
291, -3
292, -3
293, -3
294, -3
295, -3
296, -3
297, -3
298, -3
299, -3
300, -3
301, -3
302, -3
303, -3
304, -3
305, -3
306, -3
307, -3
308, -3
309, -3
310, -3
311, -3
312, -3
313, -3
314, -3
315, -3
316, -3
317, -3
318, -3
319, -3
320, -3
321, -3
322, -3
323, -3
324, -3
325, -3
326, -3
327, -3
328, -3
329, -3
330, -3
331, -3
332, -2
333, -2
334, -2
335, -2
336, -2
337, -2
338, -2
339, -2
340, -2
341, -2
342, -2
343, -2
344, -2
345, -2
346, -2
347, -2
348, -2
349, -2
350, -2
351, -2
352, -2
353, -2
354, -2
355, -2
356, -2
357, -2
358, -2
359, -2
360, -2
361, -2
362, -2
363, -2
364, -2
365, -2
366, -2
367, -2
368, -2
369, -2
370, -2
371, -2
372, -2
373, -2
374, -2
375, -2
376, -2
377, -2
378, -2
379, -2
380, -2
381, -2
382, -2
383, -2
384, -2
385, -2
386, -2
387, -2
388, -2
389, -2
390, -2
391, -2
392, -2
393, -2
394, -2
395, -2
396, -2
397, -2
398, -2
399, -2
400, -2
401, -2
402, -2
403, -2
404, -2
405, -2
406, -2
407, -2
408, -2
409, -2
410, -2
411, -2
412, -2
413, -2
414, -2
415, -2
416, -2
417, -2
418, -2
419, -2
420, -2
421, -2
422, -2
423, -2
424, -2
425, -2
426, -2
427, -2
428, -2
429, -2
430, -2
431, -2
432, -2
433, -2
434, -2
435, -2
436, -2
437, -2
438, -2
439, -2
440, -2
441, -2
442, -2
443, -2
444, -2
445, -2
446, -2
447, -2
448, -2
449, -2
450, -2
451, -2
452, -2
453, -2
454, -2
455, -2
456, -2
457, -2
458, -2
459, -2
460, -2
461, -2
462, -2
463, -2
464, -2
465, -2
466, -2
467, -2
468, -2
469, -2
470, -2
471, -2
472, -2
473, -2
474, -2
475, -2
476, -2
477, -2
478, -2
479, -2
480, -2
481, -2
482, -2
483, -2
484, -2
485, -2
486, -2
487, -2
488, -2
489, -2
490, -2
491, -2
492, -2
493, -2
494, -2
495, -2
496, -2
497, -2
498, -2
499, -2
500, -2
501, -2
502, -2
503, -2
504, -2
505, -2
506, -2
507, -2
508, -2
509, -2
510, -2
511, -2
512, -2
513, -2
514, -2
515, -2
516, -2
517, -2
518, -2
519, -2
520, -2
521, -2
522, -2
523, -2
524, -2
525, -2
526, -2
527, -2
528, -2
529, -2
530, -2
531, -2
532, -2
533, -2
534, -2
535, -2
536, -2
537, -2
538, -2
539, -2
540, -2
541, -2
542, -2
543, -2
544, -2
545, -2
546, -2
547, -2
548, -2
549, -2
550, -2
551, -2
552, -2
553, -2
554, -2
555, -2
556, -2
557, -2
558, -2
559, -2
560, -2
561, -2
562, -2
563, -2
564, -2
565, -2
566, -2
567, -2
568, -2
569, -2
570, -2
571, -2
572, -2
573, -2
574, -2
575, -2
576, -2
577, -2
578, -2
579, -2
580, -2
581, -2
582, -2
583, -2
584, -2
585, -2
586, -2
587, -2
588, -2
589, -2
590, -2
591, -2
592, -2
593, -2
594, -2
595, -2
596, -2
597, -2
598, -2
599, -2
600, -2
601, -2
602, -2
603, -2
604, -2
605, -2
606, -2
607, -2
608, -2
609, -2
610, -2
611, -2
612, -2
613, -2
614, -2
615, -2
616, -2
617, -2
618, -2
619, -2
620, -2
621, -2
622, -2
623, -2
624, -2
625, -2
626, -2
627, -2
628, -2
629, -2
630, -2
631, -2
632, -2
633, -2
634, -2
635, -2
636, -2
637, -2
638, -2
639, -2
640, -2
641, -2
642, -2
643, -2
644, -2
645, -2
646, -2
647, -2
648, -2
649, -2
650, -2
651, -2
652, -2
653, -2
654, -2
655, -2
656, -2
657, -2
658, -2
659, -2
660, -2
661, -2
662, -2
663, -2
664, -2
665, -2
666, -2
667, -2
668, -2
669, -2
670, -2
671, -1
672, -1
673, -1
674, -1
675, -1
676, -1
677, -1
678, -1
679, -1
680, -1
681, -1
682, -1
683, -1
684, -1
685, -1
686, -1
687, -1
688, -1
689, -1
690, -1
691, -1
692, -1
693, -1
694, -1
695, -1
696, -1
697, -1
698, -1
699, -1
700, -1
701, -1
702, -1
703, -1
704, -1
705, -1
706, -1
707, -1
708, -1
709, -1
710, -1
711, -1
712, -1
713, -1
714, -1
715, -1
716, -1
717, -1
718, -1
719, -1
720, -1
721, -1
722, -1
723, -1
724, -1
725, -1
726, -1
727, -1
728, -1
729, -1
730, -1
731, -1
732, -1
733, -1
734, -1
735, -1
736, -1
737, -1
738, -1
739, -1
740, -1
741, -1
742, -1
743, -1
744, -1
745, -1
746, -1
747, -1
748, -1
749, -1
750, -1
751, -1
752, -1
753, -1
754, -1
755, -1
756, -1
757, -1
758, -1
759, -1
760, -1
761, -1
762, -1
763, -1
764, -1
765, -1
766, -1
767, -1
768, -1
769, -1
770, -1
771, -1
772, -1
773, -1
774, -1
775, -1
776, -1
777, -1
778, -1
779, -1
780, -1
781, -1
782, -1
783, -1
784, -1
785, -1
786, -1
787, -1
788, -1
789, -1
790, -1
791, -1
792, -1
793, -1
794, -1
795, -1
796, -1
797, -1
798, -1
799, -1
800, -1
801, -1
802, -1
803, -1
804, -1
805, -1
806, -1
807, -1
808, -1
809, -1
810, -1
811, -1
812, -1
813, -1
814, -1
815, -1
816, -1
817, -1
818, -1
819, -1
820, -1
821, -1
822, -1
823, -1
824, -1
825, -1
826, -1
827, -1
828, -1
829, -1
830, -1
831, 0
